# this is what the file should contain after running table, modifytable, modifytable2, modifytable3
1 	 1.000
2 	 -2.000
3 	 4.000
4 	 -8.000
5 	 16.000
6 	 -32.000
7 	 64.000
8 	 -128.000
9 	 256.000
10 	 -512.000
1 	 -1.0000000000000000
2 	 0.5000000000000000
3 	 -0.2500000000000000
4 	 0.1250000000000000
5 	 -0.0625000000000000
6 	 0.0312500000000000
7 	 -0.0156250000000000
8 	 0.0078125000000000
9 	 -0.0039062500000000
10 	 0.0019531250000000
1	1.000	1	-1.0000000000000000
2	-2.000	2	0.5000000000000000
3	4.000	3	-0.2500000000000000
4	-8.000	4	0.1250000000000000
5	16.000	5	-0.0625000000000000
6	-32.000	6	0.0312500000000000
7	64.000	7	-0.0156250000000000
8	-128.000	8	0.0078125000000000
9	256.000	9	-0.0039062500000000
10	-512.000	10	0.0019531250000000
1	1.000	-1.0000000000000000
2	-2.000	0.5000000000000000
3	4.000	-0.2500000000000000
4	-8.000	0.1250000000000000
5	16.000	-0.0625000000000000
6	-32.000	0.0312500000000000
7	64.000	-0.0156250000000000
8	-128.000	0.0078125000000000
9	256.000	-0.0039062500000000
10	-512.000	0.0019531250000000
