0.80000000000000004441 	 2.38977228485799741975 
0.81441441441441442262 	 2.27913960649385494150 
0.82882882882882880082 	 2.17017235415462472758 
0.84324324324324317903 	 2.06286056608192502893 
0.85765765765765755724 	 1.95719430322707310665 
0.87207207207207193544 	 1.85316364925107102124 
0.88648648648648631365 	 1.75075871052461451427 
0.90090090090090069186 	 1.64996961612809478481 
0.91531531531531507007 	 1.55078651785158427856 
0.92972972972972944827 	 1.45319959019485800411 
0.94414414414414382648 	 1.35719903036737399304 
0.95855855855855820469 	 1.26277505828828040535 
0.97297297297297258289 	 1.16991791658642618756 
0.98738738738738696110 	 1.07861787060034508556 
1.00180180180180133931 	 0.98886520837825919727 
1.01621621621621582854 	 0.90065024067808607811 
1.03063063063063031777 	 0.81396330096743518823 
1.04504504504504480700 	 0.72879474542360433986 
1.05945945945945929623 	 0.64513495293358502636 
1.07387387387387378546 	 0.56297432509405709311 
1.08828828828828827469 	 0.48230328621139584300 
1.10270270270270276391 	 0.40311228330166137823 
1.11711711711711725314 	 0.32539178609061281122 
1.13153153153153174237 	 0.24913228701369405371 
1.14594594594594623160 	 0.17432430121604269857 
1.16036036036036072083 	 0.10095836655248824343 
1.17477477477477521006 	 0.02902504358755031433 
1.18918918918918969929 	 -0.04148508440456133428 
1.20360360360360418852 	 -0.11058141143994149047 
1.21801801801801867775 	 -0.17827330882499659026 
1.23243243243243316698 	 -0.24457012515644827033 
1.24684684684684765621 	 -0.30948118632131205175 
1.26126126126126214544 	 -0.37301579549692576165 
1.27567567567567663467 	 -0.43518323315093532244 
1.29009009009009112390 	 -0.49599275704127876452 
1.30450450450450561313 	 -0.55545360221622530617 
1.31891891891892010236 	 -0.61357498101434160276 
1.33333333333333459159 	 -0.67036608306450418127 
1.34774774774774908082 	 -0.72583607528589411118 
1.36216216216216357004 	 -0.77999410188801121535 
1.37657657657657805927 	 -0.83284928437065630646 
1.39099099099099254850 	 -0.88441072152394717421 
1.40540540540540703773 	 -0.93468748942829549264 
1.41981981981982152696 	 -0.98368864145443701830 
1.43423423423423601619 	 -1.03142320826341027384 
1.44864864864865050542 	 -1.07790019780656010084 
1.46306306306306499465 	 -1.12312859532553943609 
1.47747747747747948388 	 -1.16711736335231996975 
1.49189189189189397311 	 -1.20987544170917260544 
1.50630630630630846234 	 -1.25141174750867989474 
1.52072072072072295157 	 -1.29173517515373426079 
1.53513513513513744080 	 -1.33085459633753089292 
1.54954954954955193003 	 -1.36877886004358728655 
1.56396396396396641926 	 -1.40551679254571304512 
1.57837837837838090849 	 -1.44107719740803830177 
1.59279279279279539772 	 -1.47546885548499417951 
1.60720720720720988695 	 -1.50870052492133410738 
1.62162162162162437617 	 -1.54078094115210362247 
1.63603603603603886540 	 -1.57171881690266346254 
1.65045045045045335463 	 -1.60152284218868956600 
1.66486486486486784386 	 -1.63020168431615353200 
1.67927927927928233309 	 -1.65776398788135281848 
1.69369369369369682232 	 -1.68421837477087699142 
1.70810810810811131155 	 -1.70957344416163614653 
1.72252252252252580078 	 -1.73383777252084136933 
1.73693693693694029001 	 -1.75701991360601894598 
1.75135135135135477924 	 -1.77912839846499615248 
1.76576576576576926847 	 -1.80017173543592257090 
1.78018018018018375770 	 -1.82015841014724166769 
1.79459459459459824693 	 -1.83909688551770855724 
1.80900900900901273616 	 -1.85699560175639533099 
1.82342342342342722539 	 -1.87386297636267862288 
1.83783783783784171462 	 -1.88970740412624138571 
1.85225225225225620385 	 -1.90453725712707822026 
1.86666666666667069308 	 -1.91836088473549359890 
1.88108108108108518230 	 -1.93118661361209298377 
1.89549549549549967153 	 -1.94302274770780236679 
1.90990990990991416076 	 -1.95387756826384695330 
1.92432432432432864999 	 -1.96375933381176892567 
1.93873873873874313922 	 -1.97267628017340790336 
1.95315315315315762845 	 -1.98063662046091870650 
1.96756756756757211768 	 -1.98764854507677668494 
1.98198198198198660691 	 -1.99372022171374219113 
1.99639639639640109614 	 -1.99885979535490321268 
2.01081081081081558537 	 -2.00307538827364695067 
2.02522522522522985255 	 -2.00637510003368113587 
2.03963963963964411974 	 -2.00876700748900027804 
2.05405405405405838692 	 -2.01025916478393185116 
2.06846846846847265411 	 -2.01085960335309898994 
2.08288288288288692129 	 -2.01057633192142937162 
2.09729729729730118848 	 -2.00941733650417653223 
2.11171171171171545566 	 -2.00739058040688611584 
2.12612612612612972285 	 -2.00450400422541896717 
2.14054054054054399003 	 -2.00076552584595290796 
2.15495495495495825722 	 -1.99618304044495786798 
2.16936936936937252440 	 -1.99076442048921720129 
2.18378378378378679159 	 -1.98451751573583834443 
2.19819819819820105877 	 -1.97745015323222084191 
2.21261261261261532596 	 -1.96957013731607766260 
2.22702702702702959314 	 -1.96088524961542631786 
2.24144144144144386033 	 -1.95140324904861017785 
2.25585585585585812751 	 -1.94113187182425761534 
2.27027027027027239470 	 -1.93007883144132286191 
2.28468468468468666188 	 -1.91825181868906646798 
2.29909909909910092907 	 -1.90565850164705175018 
2.31351351351351519625 	 -1.89230652568515012035 
2.32792792792792946344 	 -1.87820351346354996735 
2.34234234234234373062 	 -1.86335706493274244622 
2.35675675675675799781 	 -1.84777475733353035992 
2.37117117117117226499 	 -1.83146414519702283030 
2.38558558558558653218 	 -1.81443276034464240354 
2.40000000000000079936 	 -1.79668811188811439195 
2.41441441441441506655 	 -1.77823768622947575579 
2.42882882882882933373 	 -1.75908894706107332695 
2.44324324324324360092 	 -1.73924933536555137437 
2.45765765765765786810 	 -1.71872626941589246030 
2.47207207207207213528 	 -1.69752714477535704418 
2.48648648648648640247 	 -1.67565933429752078609 
2.50090090090090066965 	 -1.65313018812628342857 
2.51531531531531493684 	 -1.62994703369584392760 
2.52972972972972920402 	 -1.60611717573069867626 
2.54414414414414347121 	 -1.58164789624567347914 
2.55855855855855773839 	 -1.55654645454588624887 
2.57297297297297200558 	 -1.53082008722677898049 
2.58738738738738627276 	 -1.50447600817408755347 
2.60180180180180053995 	 -1.47752140856386304790 
2.61621621621621480713 	 -1.44996345686246996820 
2.63063063063062907432 	 -1.42180929882656847951 
2.64504504504504334150 	 -1.39306605750314815850 
2.65945945945945760869 	 -1.36374083322948536079 
2.67387387387387187587 	 -1.33384070363318052443 
2.68828828828828614306 	 -1.30337272363214218274 
2.70270270270270041024 	 -1.27234392543457452973 
2.71711711711711467743 	 -1.24076131853899518376 
2.73153153153152894461 	 -1.20863188973424939832 
2.74594594594594321180 	 -1.17596260309946210043 
2.76036036036035747898 	 -1.14276040000408585229 
2.77477477477477174617 	 -1.10903219910788308766 
2.78918918918918601335 	 -1.07478489636091900650 
2.80360360360360028054 	 -1.04002536500355624582 
2.81801801801801454772 	 -1.00476045556649040691 
2.83243243243242881491 	 -0.96899699587070919904 
2.84684684684684308209 	 -0.93274179102751553216 
2.86126126126125734928 	 -0.89600162343851152968 
2.87567567567567161646 	 -0.85878325279562162109 
2.89009009009008588365 	 -0.82109341608107477839 
2.90450450450450015083 	 -0.78293882756740451612 
2.91891891891891441801 	 -0.74432617881745244404 
2.93333333333332868520 	 -0.70526213868438070165 
2.94774774774774295238 	 -0.66575335331163820740 
2.96216216216215721957 	 -0.62580644613301039669 
2.97657657657657148675 	 -0.58542801787256593116 
2.99099099099098575394 	 -0.54462464654470110759 
3.00540540540540002112 	 -0.50340288745410610716 
3.01981981981981428831 	 -0.46176927319580585163 
3.03423423423422855549 	 -0.41973031365509072543 
3.04864864864864282268 	 -0.37729249600759295902 
3.06306306306305708986 	 -0.33446228471925998349 
3.07747747747747135705 	 -0.29124612154630646899 
3.09189189189188562423 	 -0.24765042553530491887 
3.10630630630629989142 	 -0.20368159302311106273 
3.12072072072071415860 	 -0.15934599763688339635 
3.13513513513512842579 	 -0.11464999029410627429 
3.14954954954954269297 	 -0.06959989920255971185 
3.16396396396395696016 	 -0.02420202986034425408 
3.17837837837837122734 	 0.02153733494413323513 
3.19279279279278549453 	 0.06761193513216845474 
3.20720720720719976171 	 0.11401553333475078489 
3.22162162162161402890 	 0.16074191489253131238 
3.23603603603602829608 	 0.20778488785587789778 
3.25045045045044256327 	 0.25513828298485208279 
3.26486486486485683045 	 0.30279595374918599759 
3.27927927927927109764 	 0.35075177632831433527 
3.29369369369368536482 	 0.39899964961137612818 
3.30810810810809963201 	 0.44753349519718277350 
3.32252252252251389919 	 0.49634725739423579682 
3.33693693693692816638 	 0.54543490322074461574 
3.35135135135134243356 	 0.59479042240460699986 
3.36576576576575670074 	 0.64440782738338064917 
3.38018018018017096793 	 0.69428115330436668273 
3.39459459459458523511 	 0.74440445802450661006 
3.40900900900899950230 	 0.79477182211047470162 
3.42342342342341376948 	 0.84537734883861759272 
3.43783783783782803667 	 0.89621516419495428352 
3.45225225225224230385 	 0.94727941687523653513 
3.46666666666665657104 	 0.99856427828486715725 
3.48108108108107083822 	 1.05006394253897816782 
3.49549549549548510541 	 1.10177262646235263333 
3.50990990990989937259 	 1.15368456958950282853 
3.52432432432431363978 	 1.20579403416460451126 
3.53873873873872790696 	 1.25809530514153244951 
3.55315315315314217415 	 1.31058269018385686877 
3.56756756756755644133 	 1.36325051966483989929 
3.58198198198197070852 	 1.41609314666743557609 
3.59639639639638497570 	 1.46910494698427562810 
3.61081081081079924289 	 1.52228031911769612350 
3.62522522522521351007 	 1.57561368427973214068 
3.63963963963962777726 	 1.62909948639208046473 
3.65405405405404204444 	 1.68273219208615998355 
3.66846846846845631163 	 1.73650629070306905533 
3.68288288288287057881 	 1.79041629429358906123 
3.69729729729728484600 	 1.84445673761820039260 
3.71171171171169911318 	 1.89862217814708778008 
3.72612612612611338037 	 1.95290719606009410825 
3.74054054054052764755 	 2.00730639424678969363 
3.75495495495494191474 	 2.06181439830640478306 
3.76936936936935618192 	 2.11642585654788639715 
3.78378378378377044911 	 2.17113543998986102679 
3.79819819819818471629 	 2.22593784236063285675 
3.81261261261259898347 	 2.28082778009823528009 
3.82702702702701325066 	 2.33579999235036517291 
3.84144144144142751784 	 2.39084924097439177615 
3.85585585585584178503 	 2.44597031053740643358 
3.87027027027025605221 	 2.50115800831621015732 
3.88468468468467031940 	 2.55640716429723546810 
3.89909909909908458658 	 2.61171263117665830578 
3.91351351351349885377 	 2.66706928436032342233 
3.92792792792791312095 	 2.72247202196376392180 
3.94234234234232738814 	 2.77791576481221547112 
3.95675675675674165532 	 2.83339545644060386564 
3.97117117117115592251 	 2.88890606309353081826 
3.98558558558557018969 	 2.94444257372531126293 
3.99999999999998445688 	 2.99999999999992894573 
4.01441441441439916815 	 3.05557337629108261012 
4.02882882882881343534 	 3.11115775968213803537 
4.04324324324322770252 	 3.16674822996618132720 
4.05765765765764196971 	 3.22233988964595674531 
4.07207207207205623689 	 3.27792786393391821775 
4.08648648648647050408 	 3.33350730075221690640 
4.10090090090088477126 	 3.38907337073267278527 
4.11531531531529903845 	 3.44462126721682437847 
4.12972972972971330563 	 3.50014620625588079861 
4.14414414414412757282 	 3.55564342661074217489 
4.15855855855854184000 	 3.61110818975202096937 
4.17297297297295610718 	 3.66653577986000023259 
4.18738738738737037437 	 3.72192150382466735437 
4.20180180180178464155 	 3.77726069124568919477 
4.21621621621619890874 	 3.83254869443241030780 
4.23063063063061317592 	 3.88778088840392666015 
4.24504504504502744311 	 3.94295267088895062813 
4.25945945945944171029 	 3.99805946232593001355 
4.27387387387385597748 	 4.05309670586299652939 
4.28828828828827024466 	 4.10805986735796579978 
4.30270270270268451185 	 4.16294443537834446545 
4.31711711711709877903 	 4.21774592120133107187 
4.33153153153151304622 	 4.27245985881382139837 
4.34594594594592731340 	 4.32708180491242622168 
4.36036036036034158059 	 4.38160733890337183993 
4.37477477477475584777 	 4.43603206290266705025 
4.38918918918917011496 	 4.49035160173595659927 
4.40360360360358438214 	 4.54456160293858779653 
4.41801801801799864933 	 4.59865773675558653366 
4.43243243243241291651 	 4.65263569614170613420 
4.44684684684682718370 	 4.70649119676135541113 
4.46126126126124145088 	 4.76021997698865284576 
4.47567567567565571807 	 4.81381779790740704783 
4.49009009009006998525 	 4.86728044331111053822 
4.50450450450448425244 	 4.92060371970294596622 
4.51891891891889851962 	 4.97378345629580476128 
4.53333333333331278681 	 5.02681550501224361227 
4.54774774774772705399 	 5.07969574048452887638 
4.56216216216214132118 	 5.13242006005460726925 
4.57657657657655558836 	 5.18498438377412629308 
4.59099099099096985555 	 5.23738465440443334842 
4.60540540540538412273 	 5.28961683741653310165 
4.61981981981979838991 	 5.34167692099115498650 
4.63423423423421265710 	 5.39356091601870346608 
4.64864864864862692428 	 5.44526485609927224374 
4.66306306306304119147 	 5.49678479754265847390 
4.67747747747745545865 	 5.54811681936834588669 
4.69189189189186972584 	 5.59925702330550389973 
4.70630630630628399302 	 5.65020153379300094088 
4.72072072072069826021 	 5.70094649797937957914 
4.73513513513511252739 	 5.75148808572290004548 
4.74954954954952679458 	 5.80182248959149404754 
4.76396396396394106176 	 5.85194592486279496768 
4.77837837837835532895 	 5.90185462952411210580 
4.79279279279276959613 	 5.95154486427247597646 
4.80720720720718386332 	 6.00101291251457702458 
4.82162162162159813050 	 6.05025508036681358703 
4.83603603603601239769 	 6.09926769665525725372 
4.85045045045042666487 	 6.14804711291569727649 
4.86486486486484093206 	 6.19658970339360593016 
4.87927927927925519924 	 6.24489186504411897261 
4.89369369369366946643 	 6.29295001753210847539 
4.90810810810808373361 	 6.34076060323211976311 
4.92252252252249800080 	 6.38832008722836253156 
4.93693693693691226798 	 6.43562495731475703309 
4.95135135135132653517 	 6.48267172399494739921 
4.96576576576574080235 	 6.52945692048223502724 
4.98018018018015506954 	 6.57597710269958657392 
4.99459459459456933672 	 6.62222884927972099689 
5.00900900900898360391 	 6.66820876156498609788 
5.02342342342339787109 	 6.71391346360748375588 
5.03783783783781213828 	 6.75933960216897133932 
5.05225225225222640546 	 6.80448384672088035785 
5.06666666666664067264 	 6.84934288944438485203 
5.08108108108105493983 	 6.89391344523030724645 
5.09549549549546920701 	 6.93819225167915121233 
5.10990990990988347420 	 6.98217606910115762275 
5.12432432432429774138 	 7.02586168051624060382 
5.13873873873871200857 	 7.06924589165400352186 
5.15315315315312627575 	 7.11232553095370612084 
5.16756756756754054294 	 7.15509744956435422836 
5.18198198198195481012 	 7.19755852134464468861 
5.19639639639636907731 	 7.23970564286287299183 
5.21081081081078334449 	 7.28153573339718374058 
5.22522522522519761168 	 7.32304573493524380012 
5.23963963963961187886 	 7.36423261217454516725 
5.25405405405402614605 	 7.40509335252219269563 
5.26846846846844041323 	 7.44562496609502133538 
5.28288288288285468042 	 7.48582448571953928962 
5.29729729729726894760 	 7.52568896693195465986 
5.31171171171168321479 	 7.56521548797813814247 
5.32612612612609748197 	 7.60440114981369852387 
5.34054054054051174916 	 7.64324307610391873169 
5.35495495495492601634 	 7.68173841322374251206 
5.36936936936934028353 	 7.71988433025783393759 
5.38378378378375455071 	 7.75767801900055786746 
5.39819819819816881790 	 7.79511669395596218379 
5.41261261261258308508 	 7.83219759233774404095 
5.42702702702699735227 	 7.86891797406937243409 
5.44144144144141161945 	 7.90527512178392832709 
5.45585585585582588664 	 7.94126634082423343841 
5.47027027027024015382 	 7.97688895924279872673 
5.48468468468465442101 	 8.01214032780177021209 
5.49909909909906868819 	 8.04701781997307286076 
5.51351351351348295537 	 8.08151883193826314766 
5.52792792792789722256 	 8.11564078258859744608 
5.54234234234231148974 	 8.14938111352504535034 
5.55675675675672575693 	 8.18273728905821684521 
5.57117117117114002411 	 8.21570679620849197988 
5.58558558558555429130 	 8.24828714470587520680 
5.59999999999996855848 	 8.28047586699007887034 
5.61441441441438282567 	 8.31227051821048945612 
5.62882882882879709285 	 8.34366867622629904133 
5.64324324324321136004 	 8.37466794160619798504 
5.65765765765762562722 	 8.40526593762873375226 
5.67207207207203989441 	 8.43546031028206755309 
5.68648648648645416159 	 8.46524872826404717330 
5.70090090090086842878 	 8.49462888298223717243 
5.71531531531528269596 	 8.52359848855389756750 
5.72972972972969696315 	 8.55215528180594652952 
5.74414414414411123033 	 8.58029702227503854317 
5.75855855855852549752 	 8.60802149220747914171 
5.77297297297293976470 	 8.63532649655928707944 
5.78738738738735403189 	 8.66220986299618189719 
5.80180180180176829907 	 8.68866944189352352623 
5.81621621621618256626 	 8.71470310633642242237 
5.83063063063059683344 	 8.74030875211965430083 
5.84504504504501110063 	 8.76548429774768145251 
5.85945945945942536781 	 8.79022768443466873123 
5.87387387387383963500 	 8.81453687610446223744 
5.88828828828825390218 	 8.83840985939063195076 
5.90270270270266816937 	 8.86184464363637403039 
5.91711711711708243655 	 8.88483926089462983100 
5.93153153153149670374 	 8.90739176592802017751 
5.94594594594591097092 	 8.92950023620883648334 
5.96036036036032523810 	 8.95116277191910469924 
5.97477477477473950529 	 8.97237749595047873186 
5.98918918918915377247 	 8.99314255390437189419 
6.00360360360356803966 	 9.01345611409182367879 
6.01801801801798230684 	 9.03331636753363476089 
6.03243243243239657403 	 9.05272152796025153521 
6.04684684684681084121 	 9.07166983181178565587 
6.06126126126122510840 	 9.09015953823813127599 
6.07567567567563937558 	 9.10818892909876787201 
6.09009009009005364277 	 9.12575630896293077399 
6.10450450450446790995 	 9.14286000510952767684 
6.11891891891888217714 	 9.15949836752716350929 
6.13333333333329644432 	 9.17566976891414753936 
6.14774774774771071151 	 9.19137260467842764911 
6.16216216216212497869 	 9.20660529293771645598 
6.17657657657653924588 	 9.22136627451936163880 
6.19099099099095351306 	 9.23565401296043120283 
6.20540540540536778025 	 9.24946699450765663642 
6.21981981981978204743 	 9.26280372811750218887 
6.23423423423419631462 	 9.27566274545607427626 
6.24864864864861058180 	 9.28804260089921385202 
6.26306306306302484899 	 9.29994187153241469446 
6.27747747747743911617 	 9.31135915715089979017 
6.29189189189185338336 	 9.32229308025958225414 
6.30630630630626765054 	 9.33274228607301026273 
6.32072072072068191773 	 9.34270544251548074044 
6.33513513513509618491 	 9.35218124022096830572 
6.34954954954951045210 	 9.36116839253312527092 
6.36396396396392471928 	 9.36966563550529230042 
6.37837837837833898647 	 9.37767172790055880682 
6.39279279279275325365 	 9.38518545119161196055 
6.40720720720716752083 	 9.39220560956090366744 
6.42162162162158178802 	 9.39873102990053510553 
6.43603603603599605520 	 9.40476056181230823938 
6.45045045045041032239 	 9.41029307760774003100 
6.46486486486482458957 	 9.41532747230803934713 
6.47927927927923885676 	 9.41986266364405722129 
6.49369369369365312394 	 9.42389759205636323713 
6.50810810810806739113 	 9.42743122069523664663 
6.52252252252248165831 	 9.43046253542062729025 
6.53693693693689592550 	 9.43299054480218934771 
6.55135135135131019268 	 9.43501428011926535078 
6.56576576576572445987 	 9.43653279536086841972 
6.58018018018013872705 	 9.43754516722572134313 
6.59459459459455299424 	 9.43805049512224414343 
6.60900900900896726142 	 9.43804790116854519511 
6.62342342342338152861 	 9.43753653019237681576 
6.63783783783779579579 	 9.43651554973128803283 
6.65225225225221006298 	 9.43498415003241319710 
6.66666666666662433016 	 9.43294154405261764396 
6.68108108108103859735 	 9.43038696745849769343 
6.69549549549545286453 	 9.42731967862625097609 
6.70990990990986713172 	 9.42373895864185939786 
6.72432432432428139890 	 9.41964411130095236047 
6.73873873873869566609 	 9.41503446310881919601 
6.75315315315310993327 	 9.40990936328050686654 
6.76756756756752420046 	 9.40426818374071515905 
6.78198198198193846764 	 9.39811031912382333076 
6.79639639639635273483 	 9.39143518677394872896 
6.81081081081076700201 	 9.38424222674485264406 
6.82522522522518126920 	 9.37653090180001314025 
6.83963963963959553638 	 9.36830069741259841010 
6.85405405405400980356 	 9.35955112176540460212 
6.86846846846842407075 	 9.35028170575105654905 
6.88288288288283833793 	 9.34049200297175907792 
6.89729729729725260512 	 9.33018158973943201318 
6.91171171171166687230 	 9.31935006507570129486 
6.92612612612608113949 	 9.30799705071187943872 
6.94054054054049540667 	 9.29612219108893889086 
6.95495495495490967386 	 9.28372515335761150368 
6.96936936936932394104 	 9.27080562737822688746 
6.98378378378373820823 	 9.25736332572091313864 
6.99819819819815247541 	 9.24339798366541742780 
7.01261261261256674260 	 9.22890935920121258107 
7.02702702702698100978 	 9.21389723302739227506 
7.04144144144139527697 	 9.19836140855285222528 
7.05585585585580954415 	 9.18230171189608768145 
7.07027027027022381134 	 9.16571799188534086511 
7.08468468468463807852 	 9.14861012005852991535 
7.09909909909905234571 	 9.13097799066321513806 
7.11351351351346661289 	 9.11282152065673400898 
7.12792792792788088008 	 9.09414064970606617067 
7.14234234234229514726 	 9.07493534018787073592 
7.15675675675670941445 	 9.05520557718852181495 
7.17117117117112368163 	 9.03495136850411029172 
7.18558558558553794882 	 9.01417274464031770265 
7.19999999999995221600 	 8.99286975881265604471 
7.21441441441436648319 	 8.97104248694622441462 
7.22882882882878075037 	 8.94869102767585644642 
7.24324324324319501756 	 8.92581550234605813898 
7.25765765765760928474 	 8.90241605501105759402 
7.27207207207202355193 	 8.87849285243473396179 
7.28648648648643781911 	 8.85404608409065474461 
7.30090090090085208629 	 8.82907596216214862750 
7.31531531531526635348 	 8.80358272154216336958 
7.32972972972968062066 	 8.77756661983335995103 
7.34414414414409488785 	 8.75102793734810902038 
7.35855855855850915503 	 8.72396697710840918205 
7.37297297297292342222 	 8.69638406484605752667 
7.38738738738733768940 	 8.66827954900244890268 
7.40180180180175195659 	 8.63965380072869315597 
7.41621621621616622377 	 8.61050721388562223524 
7.43063063063058049096 	 8.58084020504374223037 
7.44504504504499475814 	 8.55065321348322626704 
7.45945945945940902533 	 8.51994670119396602104 
7.47387387387382329251 	 8.48872115287552730933 
7.48828828828823755970 	 8.45697707593718384089 
7.50270270270265182688 	 8.42471500049789945308 
7.51711711711706609407 	 8.39193547938630146632 
7.53153153153148036125 	 8.35863908814075173836 
7.54594594594589462844 	 8.32482642500928449181 
7.56036036036030889562 	 8.29049811094961697222 
7.57477477477472316281 	 8.25565478962912813188 
7.58918918918913742999 	 8.22029712742497054023 
7.60360360360355169718 	 8.18442581342388919552 
7.61801801801796596436 	 8.14804155942242225308 
7.63243243243238023155 	 8.11114509992671273153 
7.64684684684679449873 	 8.07373719215267371396 
7.66126126126120876592 	 8.03581861602579650139 
7.67567567567562303310 	 7.99739017418140196725 
7.69009009009003730029 	 7.95845269196438920289 
7.70450450450445156747 	 7.91900701742941048877 
7.71891891891886583466 	 7.87905402134074428488 
7.73333333333328010184 	 7.83859459717246664923 
7.74774774774769436902 	 7.79762966110829403021 
7.76216216216210863621 	 7.75616015204160369478 
7.77657657657652290339 	 7.71418703157543816928 
7.79099099099093717058 	 7.67171128402266688795 
7.80540540540535143776 	 7.62873391640568598859 
7.81981981981976570495 	 7.58525595845665456807 
7.83423423423417997213 	 7.54127846261751422219 
7.84864864864859423932 	 7.49680250403975101392 
7.86306306306300850650 	 7.45182918058460863620 
7.87747747747742277369 	 7.40635961282300669950 
7.89189189189183704087 	 7.36039494403557359448 
7.90630630630625130806 	 7.31393634021264027467 
7.92072072072066557524 	 7.26698499005415943230 
7.93513513513507984243 	 7.21954210496987336398 
7.94954954954949410961 	 7.17160891907914610499 
7.96396396396390837680 	 7.12318668921104514169 
7.97837837837832264398 	 7.07427669490437427413 
7.99279279279273691117 	 7.02488023840753950111 
8.00720720720715206653 	 6.97499864467869823415 
8.02162162162156633372 	 6.92463326138574064572 
8.03603603603598060090 	 6.87378545890614844893 
8.05045045045039486808 	 6.82245663032718052676 
8.06486486486480913527 	 6.77064819144571394816 
8.07927927927922340245 	 6.71836158076837630659 
8.09369369369363766964 	 6.66559825951142759237 
8.10810810810805193682 	 6.61235971160092006471 
8.12252252252246620401 	 6.55864744367252505697 
8.13693693693688047119 	 6.50446298507153386481 
8.15135135135129473838 	 6.44980788785310199529 
8.16576576576570900556 	 6.39468372678190011271 
8.18018018018012327275 	 6.33909209933243911195 
8.19459459459453753993 	 6.28303462568881698758 
8.20900900900895180712 	 6.22651294874486627151 
8.22342342342336607430 	 6.16952873410409718957 
8.23783783783778034149 	 6.11208367007973940588 
8.25225225225219460867 	 6.05417946769468606760 
8.26666666666660887586 	 5.99581786068153554936 
8.28108108108102314304 	 5.93700060548254704429 
8.29549549549543741023 	 5.87772948124971605921 
8.30990990990985167741 	 5.81800628984467049776 
8.32432432432426594460 	 5.75783285583878701175 
8.33873873873868021178 	 5.69721102651314925680 
8.35315315315309447897 	 5.63614267185844486363 
8.36756756756750874615 	 5.57462968457512442200 
8.38198198198192301334 	 5.51267398007328690568 
8.39639639639633728052 	 5.45027749647279424750 
8.41081081081075154771 	 5.38744219460308304548 
8.42522522522516581489 	 5.32417005800341414101 
8.43963963963958008208 	 5.26046309292262126434 
8.45405405405399434926 	 5.19632332831933219097 
8.46846846846840861645 	 5.13175281586173248627 
8.48288288288282288363 	 5.06675362992786393335 
8.49729729729723715081 	 5.00132786760533853965 
8.51171171171165141800 	 4.93547764869150462630 
8.52612612612606568518 	 4.86920511569337222113 
8.54054054054047995237 	 4.80251243382768855383 
8.55495495495489421955 	 4.73540179102088920615 
8.56936936936930848674 	 4.66787539790901284675 
8.58378378378372275392 	 4.59993548783794103940 
8.59819819819813702111 	 4.53158431686309270958 
8.61261261261255128829 	 4.46282416374971635520 
8.62702702702696555548 	 4.39365732997259783588 
8.64144144144137982266 	 4.32408613971638544626 
8.65585585585579408985 	 4.25411293987520000570 
8.67027027027020835703 	 4.18374010005314822536 
8.68468468468462262422 	 4.11297001256378003120 
8.69909909909903689140 	 4.04180509243046248713 
8.71351351351345115859 	 3.97024777738615775036 
8.72792792792786542577 	 3.89830052787363090516 
8.74234234234227969296 	 3.82596582704524212915 
8.75675675675669396014 	 3.75324618076302929381 
8.77117117117110822733 	 3.68014411759893800280 
8.78558558558552249451 	 3.60666218883431088926 
8.79999999999993676170 	 3.53280296846036723224 
8.81441441441435102888 	 3.45856905317792406862 
8.82882882882876529607 	 3.38396306239756761158 
8.84324324324317956325 	 3.30898763823951469476 
8.85765765765759383044 	 3.23364544553368737922 
8.87207207207200809762 	 3.15793917181975913877 
8.88648648648642236481 	 3.08187152734699232326 
8.90090090090083663199 	 3.00544524507437671446 
8.91531531531525089918 	 2.92866308067065084231 
8.92972972972966516636 	 2.85152781251415987640 
8.94414414414407943354 	 2.77404224169305280157 
8.95855855855849370073 	 2.69620919200501063528 
8.97297297297290796791 	 2.61803150995754663199 
8.98738738738732223510 	 2.53951206476780733112 
9.00180180180173650228 	 2.46065374836259032065 
9.01621621621615076947 	 2.38145947537848989839 
9.03063063063056503665 	 2.30193218316166969828 
9.04504504504497930384 	 2.22207483176812026215 
9.05945945945939357102 	 2.14189040396340857342 
9.07387387387380783821 	 2.06138190522280773109 
9.08828828828822210539 	 1.98055236373129694982 
9.10270270270263637258 	 1.89940483038361662693 
9.11711711711705063976 	 1.81794237878411024667 
9.13153153153146490695 	 1.73616810524687004147 
9.14594594594587917413 	 1.65408512879561975240 
9.16036036036029344132 	 1.57169659116380167063 
9.17477477477470770850 	 1.48900565679455709756 
9.18918918918912197569 	 1.40601551284065884317 
9.20360360360353624287 	 1.32272936916476169245 
9.21801801801795051006 	 1.23915045833897252692 
9.23243243243236477724 	 1.15528203564518072710 
9.24684684684677904443 	 1.07112737907505639612 
9.26126126126119331161 	 0.98668978932985673680 
9.27567567567560757880 	 0.90197258982050065867 
9.29009009009002184598 	 0.81697912666774108459 
9.30450450450443611317 	 0.73171276870183099561 
9.31891891891885038035 	 0.64617690746290890047 
9.33333333333326464754 	 0.56037495720070573668 
9.34774774774767891472 	 0.47431035487459638489 
9.36216216216209318191 	 0.38798656015372401384 
9.37657657657650744909 	 0.30140705541694678971 
9.39099099099092171627 	 0.21457534575272596555 
9.40540540540533598346 	 0.12749495895926621358 
9.41981981981975025064 	 0.04016944554444634718 
9.43423423423416451783 	 -0.04739762127416469184 
9.44864864864857878501 	 -0.13520264556922434451 
9.46306306306299305220 	 -0.22324200870384380835 
9.47747747747740731938 	 -0.31151206933136421640 
9.49189189189182158657 	 -0.40000916339545078415 
9.50630630630623585375 	 -0.48872960413008037506 
9.52072072072065012094 	 -0.57766968205946689352 
9.53513513513506438812 	 -0.66682566499820339345 
9.54954954954947865531 	 -0.75619379805120523486 
9.56396396396389292249 	 -0.84577030361368343847 
9.57837837837830718968 	 -0.93555138137113935670 
9.59279279279272145686 	 -1.02553320829940197711 
9.60720720720713572405 	 -1.11571193866453732824 
9.62162162162154999123 	 -1.20608370402314335479 
9.63603603603596425842 	 -1.29664461322171753466 
9.65045045045037852560 	 -1.38739075239751308288 
9.66486486486479279279 	 -1.47831818497786393607 
9.67927927927920705997 	 -1.56942295168036594077 
9.69369369369362132716 	 -1.66070107051302606749 
9.70810810810803559434 	 -1.75214853677408832766 
9.72252252252244986153 	 -1.84376132305228068731 
9.73693693693686412871 	 -1.93553537922646690106 
9.75135135135127839590 	 -2.02746663246580283158 
9.76576576576569266308 	 -2.11955098722981993831 
9.78018018018010693027 	 -2.21178432526841284300 
9.79459459459452119745 	 -2.30416250562166347038 
9.80900900900893546464 	 -2.39668136461999559117 
9.82342342342334973182 	 -2.48933671588426363996 
9.83783783783776399900 	 -2.58212435032547560354 
9.85225225225217826619 	 -2.67504003614505414532 
9.86666666666659253337 	 -2.76807951883461988984 
9.88108108108100680056 	 -2.86123852117625077085 
9.89549549549542106774 	 -2.95451274324216939249 
9.90990990990983533493 	 -3.04789786239497928477 
9.92432432432424960211 	 -3.14138953328769687801 
9.93873873873866386930 	 -3.23498338786354544538 
9.95315315315307813648 	 -3.32867503535589648322 
9.96756756756749240367 	 -3.42246006228876353816 
9.98198198198190667085 	 -3.51633403247631370903 
9.99639639639632093804 	 -3.61029248702289429218 
10.01081081081073520522 	 -3.70433094432332588042 
10.02522522522514947241 	 -3.79844490006273538540 
10.03963963963956373959 	 -3.89262982721644945627 
10.05405405405397800678 	 -3.98688117605026981494 
10.06846846846839227396 	 -4.08119437412008778665 
10.08288288288280654115 	 -4.17556482627223246595 
10.09729729729722080833 	 -4.26998791464342453139 
10.11171171171163507552 	 -4.36445899866048669935 
10.12612612612604934270 	 -4.45897341504070787721 
10.14054054054046360989 	 -4.55352647779170283115 
10.15495495495487787707 	 -4.64811347821132159197 
10.16936936936929214426 	 -4.74272968488757129535 
10.18378378378370641144 	 -4.83737034369920593235 
10.19819819819812067863 	 -4.93203067781473336595 
10.21261261261253494581 	 -5.02670588769344206526 
10.22702702702694921300 	 -5.12139115108472608995 
10.24144144144136348018 	 -5.21608162302820588252 
10.25585585585577774737 	 -5.31077243585391300940 
10.27027027027019201455 	 -5.40545869918218357952 
10.28468468468460628173 	 -5.50013549992374706221 
10.29909909909902054892 	 -5.59479790227955575688 
10.31351351351343481610 	 -5.68944094774075637133 
10.32792792792784908329 	 -5.78405965508895647531 
10.34234234234226335047 	 -5.87864902039608239193 
10.35675675675667761766 	 -5.97320401702425485269 
10.37117117117109188484 	 -6.06771959562604479288 
10.38558558558550615203 	 -6.16219068414416071278 
10.39999999999992041921 	 -6.25661218781174000014 
10.41441441441433468640 	 -6.35097898915226366512 
10.42882882882874895358 	 -6.44528594797938225724 
10.44324324324316322077 	 -6.53952790139721429341 
10.45765765765757748795 	 -6.63369966380004427720 
10.47207207207199175514 	 -6.72779602687258915239 
10.48648648648640602232 	 -6.82181175958973184947 
10.50090090090082028951 	 -6.91574160821675221200 
10.51531531531523455669 	 -7.00958029630930212761 
10.52972972972964882388 	 -7.10332252471320302334 
10.54414414414406309106 	 -7.19696297156464481759 
10.55855855855847735825 	 -7.29049629229024276356 
10.57297297297289162543 	 -7.38391711960668573056 
10.58738738738730589262 	 -7.47722006352122647854 
10.60180180180172015980 	 -7.57039971133119493629 
10.61621621621613442699 	 -7.66345062762443873794 
10.63063063063054869417 	 -7.75636735427879386862 
10.64504504504496296136 	 -7.84914441046293021031 
10.65945945945937722854 	 -7.94177629263532125492 
10.67387387387379149573 	 -8.03425747454493333066 
10.68828828828820576291 	 -8.12658240723106928272 
10.70270270270262003010 	 -8.21874551902340400034 
10.71711711711703429728 	 -8.31074121554187783545 
10.73153153153144856446 	 -8.40256387969647988712 
10.74594594594586283165 	 -8.49420787168803315126 
10.76036036036027709883 	 -8.58566752900706831042 
10.77477477477469136602 	 -8.67693716643492862772 
10.78918918918910563320 	 -8.76801107604307361498 
10.80360360360351990039 	 -8.85888352719315363970 
10.81801801801793416757 	 -8.94954876653722664059 
10.83243243243234843476 	 -9.04000101801777589117 
10.84684684684676270194 	 -9.13023448286737959734 
10.86126126126117696913 	 -9.22024333960913367036 
10.87567567567559123631 	 -9.31002174405625382292 
10.89009009009000550350 	 -9.39956382931232425904 
10.90450450450441977068 	 -9.48886370577139004467 
10.91891891891883403787 	 -9.57791546111766578520 
10.93333333333324830505 	 -9.66671316032548944008 
10.94774774774766257224 	 -9.75525084565988720442 
10.96216216216207683942 	 -9.84352253667594823128 
10.97657657657649110661 	 -9.93152223021924385193 
10.99099099099090537379 	 -10.01924390042539769752 
11.00540540540531964098 	 -10.10668149872061860606 
11.01981981981973390816 	 -10.19382895382121034800 
11.03423423423414817535 	 -10.28068017173383807972 
11.04864864864856244253 	 -10.36722903575564203038 
11.06306306306297670972 	 -10.45346940647392486312 
11.07747747747739097690 	 -10.53939512176608772620 
11.09189189189180524409 	 -10.62499999680030526861 
11.10630630630621951127 	 -10.71027782403479733375 
11.12072072072063377846 	 -10.79522237321802435872 
11.13513513513504804564 	 -10.87982739138883658825 
11.14954954954946231283 	 -10.96408660287650960186 
11.16396396396387658001 	 -11.04799370930041391148 
11.17837837837829084719 	 -11.13154238957034536384 
11.19279279279270511438 	 -11.21472629988649316601 
11.20720720720711938156 	 -11.29753907373926580249 
11.22162162162153364875 	 -11.37997432190916669015 
11.23603603603594791593 	 -11.46202563246755445903 
11.25045045045036218312 	 -11.54368657077550253121 
11.26486486486477645030 	 -11.62495067948468374652 
11.27927927927919071749 	 -11.70581147853703285477 
11.29369369369360498467 	 -11.78626246516494191496 
11.30810810810801925186 	 -11.86629711389082331152 
11.32252252252243351904 	 -11.94590887652768529392 
11.33693693693684778623 	 -12.02509118217871630918 
11.35135135135126205341 	 -12.10383743723718197316 
11.36576576576567632060 	 -12.18214102538709298074 
11.38018018018009058778 	 -12.25999530760246614136 
11.39459459459450485497 	 -12.33739362214781465354 
11.40900900900891912215 	 -12.41432928457777151721 
11.42342342342333338934 	 -12.49079558773746967404 
11.43783783783774765652 	 -12.56678580176215476172 
11.45225225225216192371 	 -12.64229317407747643642 
11.46666666666657619089 	 -12.71731092939950968912 
11.48108108108099045808 	 -12.79183226973438891605 
11.49549549549540472526 	 -12.86585037437884793121 
11.50990990990981899245 	 -12.93935839991964797946 
11.52432432432423325963 	 -13.01234948023397208772 
11.53873873873864752682 	 -13.08481672648946059212 
11.55315315315306179400 	 -13.15675322714379902322 
11.56756756756747606119 	 -13.22815204794524035492 
11.58198198198189032837 	 -13.29900623193208630823 
11.59639639639630459556 	 -13.36930879943308880797 
11.61081081081071886274 	 -13.43905274806751393157 
11.62522522522513312992 	 -13.50823105274440294465 
11.63963963963954739711 	 -13.57683666566363811512 
11.65405405405396166429 	 -13.64486251631508650917 
11.66846846846837593148 	 -13.71230151147902276421 
11.68288288288279019866 	 -13.77914653522615395786 
11.69729729729720446585 	 -13.84539044891741355059 
11.71171171171161873303 	 -13.91102609120373756468 
11.72612612612603300022 	 -13.97604627802692078831 
11.74054054054044726740 	 -14.04044380261878899319 
11.75495495495486153459 	 -14.10421143550132327960 
11.76936936936927580177 	 -14.16734192448700113687 
11.78378378378369006896 	 -14.22982799467871473098 
11.79819819819810433614 	 -14.29166234846937300063 
11.81261261261251860333 	 -14.35283766554260864723 
11.82702702702693287051 	 -14.41334660287174074256 
11.84144144144134713770 	 -14.47318179472087606996 
11.85585585585576140488 	 -14.53233585264444727159 
11.87027027027017567207 	 -14.59080136548693218401 
11.88468468468458993925 	 -14.64857089938337963986 
11.89909909909900420644 	 -14.70563699775886590260 
11.91351351351341847362 	 -14.76199218132909862788 
11.92792792792783274081 	 -14.81762894809974540067 
11.94234234234224700799 	 -14.87253977336698795852 
11.95675675675666127518 	 -14.92671710971740850482 
11.97117117117107554236 	 -14.98015338702766285905 
11.98558558558548980955 	 -15.03284101246481085923 
11.99999999999990407673 	 -15.08477237048638741612 
12.01441441441431834392 	 -15.13593982284007566363 
12.02882882882873261110 	 -15.18633570856374603864 
12.04324324324314687829 	 -15.23595234398571562906 
12.05765765765756114547 	 -15.28478202272475527934 
12.07207207207197541265 	 -15.33281701568965615934 
12.08648648648638967984 	 -15.38004957107966319541 
12.10090090090080394702 	 -15.42647191438445375411 
12.11531531531521821421 	 -15.47207624838387118871 
12.12972972972963248139 	 -15.51685475314783602130 
12.14414414414404674858 	 -15.56079958603709201270 
12.15855855855846101576 	 -15.60390288170241390731 
12.17297297297287528295 	 -15.64615675208477796332 
12.18738738738728955013 	 -15.68755328641557511560 
12.20180180180170381732 	 -15.72808455121663939735 
12.21621621621611808450 	 -15.76774259029986424707 
12.23063063063053235169 	 -15.80651942476759685974 
12.24504504504494661887 	 -15.84440705301269858296 
12.25945945945936088606 	 -15.88139745071778108354 
12.27387387387377515324 	 -15.91748257085630413599 
12.28828828828818942043 	 -15.95265434369173718210 
12.30270270270260368761 	 -15.98690467677807092173 
12.31711711711701795480 	 -16.02022545495934480186 
12.33153153153143222198 	 -16.05260854037006268413 
12.34594594594584648917 	 -16.08404577243516442309 
12.36036036036026075635 	 -16.11452896786961375142 
12.37477477477467502354 	 -16.14404992067895250329 
12.38918918918908929072 	 -16.17260040215880678716 
12.40360360360350355791 	 -16.20017216089530620593 
12.41801801801791782509 	 -16.22675692276465753139 
12.43243243243233209228 	 -16.25234639093356037165 
12.44684684684674635946 	 -16.27693224585906150992 
12.46126126126116062665 	 -16.30050614528832042538 
12.47567567567557489383 	 -16.32305972425902496070 
12.49009009008998916102 	 -16.34458459509896144368 
12.50450450450440342820 	 -16.36507234742630956248 
12.51891891891881769538 	 -16.38451454814972052532 
12.53333333333323196257 	 -16.40290274146784454956 
12.54774774774764622975 	 -16.42022844886997035019 
12.56216216216206049694 	 -16.43648316913538209860 
12.57657657657647476412 	 -16.45165837833380706456 
12.59099099099088903131 	 -16.46574552982544403790 
12.60540540540530329849 	 -16.47873605426052634471 
12.61981981981971756568 	 -16.49062135957982278001 
12.63423423423413183286 	 -16.50139283101420062394 
12.64864864864854610005 	 -16.51104183108494183330 
12.66306306306296036723 	 -16.51955969960375725236 
12.67747747747737463442 	 -16.52693775367256279196 
12.69189189189178890160 	 -16.53316728768344390232 
12.70630630630620316879 	 -16.53823957331888649946 
12.72072072072061743597 	 -16.54214585955188709931 
12.73513513513503170316 	 -16.54487737264528135483 
12.74954954954944597034 	 -16.54642531615296974223 
12.76396396396386023753 	 -16.54678087091836502509 
12.77837837837827450471 	 -16.54593519507560728243 
12.79279279279268877190 	 -16.54387942404898836912 
12.80720720720710303908 	 -16.54060467055340311049 
12.82162162162151730627 	 -16.53610202459378797357 
12.83603603603593157345 	 -16.53036255346519922682 
12.85045045045034584064 	 -16.52337730175362295881 
12.86486486486476010782 	 -16.51513729133459662535 
12.87927927927917437501 	 -16.50563352137458750235 
12.89369369369358864219 	 -16.49485696833032122299 
12.90810810810800290938 	 -16.48279858594801083882 
12.92252252252241717656 	 -16.46944930526543870997 
12.93693693693683144375 	 -16.45480003460957618699 
12.95135135135124571093 	 -16.43884165959851628713 
12.96576576576565997811 	 -16.42156504314032972047 
12.98018018018007424530 	 -16.40296102543327805279 
12.99459459459448851248 	 -16.38302042396601976293 
13.00900900900890277967 	 -16.36173403351770971881 
13.02342342342331704685 	 -16.33909262615753377190 
13.03783783783773131404 	 -16.31508695124526653331 
13.05225225225214558122 	 -16.28970773543065675426 
13.06666666666655984841 	 -16.26294568265396378592 
13.08108108108097411559 	 -16.23479147414588297238 
13.09549549549538838278 	 -16.20523576842714774671 
13.10990990990980264996 	 -16.17426920130901990547 
13.12432432432421691715 	 -16.14188238589287394120 
13.13873873873863118433 	 -16.10806591257060205180 
13.15315315315304545152 	 -16.07281034902418426213 
13.16756756756745971870 	 -16.03610624022599040472 
13.18198198198187398589 	 -15.99794410843887959572 
13.19639639639628825307 	 -15.95831445321574548757 
13.21081081081070252026 	 -15.91720775139989996205 
13.22522522522511678744 	 -15.87461445712515839546 
13.23963963963953105463 	 -15.83052500181526411893 
13.25405405405394532181 	 -15.78492979418464514652 
13.26846846846835958900 	 -15.73781922023771429053 
13.28288288288277385618 	 -15.68918364326949443921 
13.29729729729718812337 	 -15.63901340386501459534 
13.31171171171160239055 	 -15.58729881989977172907 
13.32612612612601665774 	 -15.53403018653986222830 
13.34054054054043092492 	 -15.47919777624090542645 
13.35495495495484519211 	 -15.42279183874949666233 
13.36936936936925945929 	 -15.36480260110253226458 
13.38378378378367372648 	 -15.30522026762701770508 
13.39819819819808799366 	 -15.24403501994013510057 
13.41261261261250226084 	 -15.18123701694957006225 
13.42702702702691652803 	 -15.11681639485339090356 
13.44144144144133079521 	 -15.05076326713973600135 
13.45585585585574506240 	 -14.98306772458719038355 
13.47027027027015932958 	 -14.91371983526477151827 
13.48468468468457359677 	 -14.84270964453154562079 
13.49909909909898786395 	 -14.77002717503714634972 
13.51351351351340213114 	 -14.69566242672122768909 
13.52792792792781639832 	 -14.61960537681409277866 
13.54234234234223066551 	 -14.54184597983599402937 
13.55675675675664493269 	 -14.46237416759784366604 
13.57117117117105919988 	 -14.38117984920051384279 
13.58558558558547346706 	 -14.29825291103536955006 
13.59999999999988773425 	 -14.21358321678406255728 
13.61441441441430200143 	 -14.12716060741875168105 
13.62882882882871626862 	 -14.03897490120168356498 
13.64324324324313053580 	 -13.94901589368533478819 
13.65765765765754480299 	 -13.85727335771257173747 
13.67207207207195907017 	 -13.76373704341659376382 
13.68648648648637333736 	 -13.66839667822112147633 
13.70090090090078760454 	 -13.57124196683994910018 
13.71531531531520187173 	 -13.47226259127704750540 
13.72972972972961613891 	 -13.37144821082688039837 
13.74414414414403040610 	 -13.26878846207435103111 
13.75855855855844467328 	 -13.16427295889453930045 
13.77297297297285894047 	 -13.05789129245246016353 
13.78738738738727320765 	 -12.94963303120412234648 
13.80180180180168747484 	 -12.83948772089538081786 
13.81621621621610174202 	 -12.72744488456266154230 
13.83063063063051600921 	 -12.61349402253241791527 
13.84504504504493027639 	 -12.49762461242174538256 
13.85945945945934454357 	 -12.37982610913768155569 
13.87387387387375881076 	 -12.26008794487777464610 
13.88828828828817307794 	 -12.13839952913001951629 
13.90270270270258734513 	 -12.01475024867238872162 
13.91711711711700161231 	 -11.88912946757354305305 
13.93153153153141587950 	 -11.76152652719204638743 
13.94594594594583014668 	 -11.63193074617698030693 
13.96036036036024441387 	 -11.50033142046806844405 
13.97477477477465868105 	 -11.36671782329452184968 
13.98918918918907294824 	 -11.23107920517665192506 
14.00360360360348721542 	 -11.09340479392463052477 
14.01801801801790148261 	 -10.95368379463921471029 
14.03243243243231574979 	 -10.81190538971117831579 
14.04684684684673001698 	 -10.66805873882173827383 
14.06126126126114428416 	 -10.52213297894265764398 
14.07567567567555855135 	 -10.37411722433558125545 
14.09009009008997281853 	 -10.22400056655267874817 
14.10450450450438708572 	 -10.07177207443658772945 
14.11891891891880135290 	 -9.91742079412013310957 
14.13333333333321562009 	 -9.76093574902618854594 
14.14774774774762988727 	 -9.60230593986816316487 
14.16216216216204415446 	 -9.44152034464978129336 
14.17657657657645842164 	 -9.27856791866539509783 
14.19099099099087268883 	 -9.11343759449897206082 
14.20540540540528695601 	 -8.94611828202497605389 
14.21981981981970122320 	 -8.77659886840889669202 
14.23423423423411549038 	 -8.60486821810541613331 
14.24864864864852975757 	 -8.43091517286048741653 
14.26306306306294402475 	 -8.25472855170996666629 
14.27747747747735829194 	 -8.07629715097986888850 
14.29189189189177255912 	 -7.89560974428664508196 
14.30630630630618682630 	 -7.71265508253730303068 
14.32072072072060109349 	 -7.52742189392875715725 
14.33513513513501536067 	 -7.33989888394861722531 
14.34954954954942962786 	 -7.15007473537438187350 
14.36396396396384389504 	 -6.95793810827412784192 
14.37837837837825816223 	 -6.76347764000635365278 
14.39279279279267242941 	 -6.56668194521969894595 
14.40720720720708669660 	 -6.36753961585278105417 
14.42162162162150096378 	 -6.16603922113520042103 
14.43603603603591523097 	 -5.96216930758658136824 
14.45045045045032949815 	 -5.75591839901658630652 
14.46486486486474376534 	 -5.54727499652539535191 
14.47927927927915803252 	 -5.33622757850372408939 
14.49369369369357229971 	 -5.12276460063219829522 
14.50810810810798656689 	 -4.90687449588194368744 
14.52252252252240083408 	 -4.68854567451453263516 
14.53693693693681510126 	 -4.46776652408155783291 
14.55135135135122936845 	 -4.24452540942520961664 
14.56576576576564363563 	 -4.01881067267769864770 
14.58018018018005790282 	 -3.79061063326185632150 
14.59459459459447217000 	 -3.55991358789046152822 
14.60900900900888643719 	 -3.32670781056701514444 
14.62342342342330070437 	 -3.09098155258486073649 
14.63783783783771497156 	 -2.85272304252793418300 
14.65225225225212923874 	 -2.61192048627045636522 
14.66666666666654350593 	 -2.36856206697708593367 
14.68108108108095777311 	 -2.12263594510268660542 
14.69549549549537204030 	 -1.87413025839219749002 
14.70990990990978630748 	 -1.62303312188104875702 
14.72432432432420057467 	 -1.36933262789497511847 
14.73873873873861484185 	 -1.11301684605026274255 
14.75315315315302910903 	 -0.85407382325326430816 
14.76756756756744337622 	 -0.59249158370048782274 
14.78198198198185764340 	 -0.32825812887888261571 
14.79639639639627191059 	 -0.06136143756593703813 
14.81081081081068617777 	 0.20821053417091306414 
14.82522522522510044496 	 0.48046985297355782052 
14.83963963963951471214 	 0.75542860819399848538 
14.85405405405392897933 	 1.03309891189348412865 
14.86846846846834324651 	 1.31349289884358100267 
14.88288288288275751370 	 1.59662272652476033841 
14.89729729729717178088 	 1.88250057512752633215 
14.91171171171158604807 	 2.17113864755236107840 
14.92612612612600031525 	 2.46254916940912771395 
14.94054054054041458244 	 2.75674438901732266061 
14.95495495495482884962 	 3.05373657740640069846 
14.96936936936924311681 	 3.35353802831515857008 
14.98378378378365738399 	 3.65616105819248993214 
14.99819819819807165118 	 3.96161800619662773926 
15.01261261261248591836 	 4.26992123419597824352 
15.02702702702690018555 	 4.58108312676773277161 
15.04144144144131445273 	 4.89511609119973289950 
15.05585585585572871992 	 5.21203255748916483014 
15.07027027027014298710 	 5.53184497834261357241 
15.08468468468455725429 	 5.85456582917686052525 
15.09909909909897152147 	 6.18020760811808678170 
15.11351351351338578866 	 6.50878283600202944825 
15.12792792792780005584 	 6.84030405637446392575 
15.14234234234221432303 	 7.17478383549048359669 
15.15675675675662859021 	 7.51223476231530185032 
15.17117117117104285740 	 7.85266944852360815332 
15.18558558558545712458 	 8.19610052849951387088 
15.19999999999987139176 	 8.54254065933730544202 
